x=-0.884821712970734
y=0.0890970081090927
z=0.505041480064392
rx=21.7784099578857
ry=129.492797851563
rz=1.88848400115967
fov=54.4282188415527
near=0.01
far=1000
disableStandardAssets=False
frameSkip=0